>>> d, r, c = (3, 4, 7)
>>> a = np.arange(d*r*c).reshape(d, r, c)
>>> a
array([[[ 0,  1,  2,  3,  4,  5,  6],
        [ 7,  8,  9, 10, 11, 12, 13],
        [14, 15, 16, 17, 18, 19, 20],
        [21, 22, 23, 24, 25, 26, 27]],

       [[28, 29, 30, 31, 32, 33, 34],
        [35, 36, 37, 38, 39, 40, 41],
        [42, 43, 44, 45, 46, 47, 48],
        [49, 50, 51, 52, 53, 54, 55]],

       [[56, 57, 58, 59, 60, 61, 62],
        [63, 64, 65, 66, 67, 68, 69],
        [70, 71, 72, 73, 74, 75, 76],
        [77, 78, 79, 80, 81, 82, 83]]])
>>> _f(a, wdth=100, title="_f(a) Array format by row")

---------------------------------------------------------------------
: _f(a) Array format by row... shape (3, 4, 7), ndim 3
:
  0  1  2  3  4  5  6    28 29 30 31 32 33 34    56 57 58 59 60 61 62   
  7  8  9 10 11 12 13    35 36 37 38 39 40 41    63 64 65 66 67 68 69   
 14 15 16 17 18 19 20    42 43 44 45 46 47 48    70 71 72 73 74 75 76   
 21 22 23 24 25 26 27    49 50 51 52 53 54 55    77 78 79 80 81 82 83   
: sub (0 )              : sub (1 )              : sub (2 )              
