Input data...
list (0)...
    [[[0, 0], [0, 8], [8, 8], [8, 0], [0, 0]], [[1, 1], [6, 1], [1, 6], [1, 1]], [[2, 7], [7, 2], [7, 7], [2, 7]]]
list (1)...
    [[10, 0], [10, 10], [20, 20], [20, 0], [10, 0]]
list (2)...
    [[30, 0], [30, 10], [40, 0], [30, 0]]

Array coordinates (transformed... a.T)
 part (0)...
   [[0 0 8 8 0]
    [0 8 8 0 0]]
 part (1)...
   [[1 6 1 1]
    [1 1 6 1]]
 part (2)...
   [[2 7 7 2]
    [7 2 7 7]]
 part (3)...
   [[10 10 20 20 10]
    [ 0 10 20  0  0]]
 part (4)...
   [[30 30 40 30]
    [ 0 10  0  0]]

Coordinates...
x's: [ 0  0  8  8  0  1  6  1  1  2  7  7  2 10 10 20 20 10 30 30 40 30]
y's: [ 0  8  8  0  0  1  1  6  1  7  2  7  7  0 10 20  0  0  0 10  0  0]

Area calculation....
Area for r2[0]   64.0
Area for r2[1]  -12.5
Area for r2[2]  -12.5
Area for r2[3]  150.0
Area for r2[4]   50.0
Total area = 239.0
